"Status","Start Time","Stop Time","Duration in ms","Parent Suite","Suite","Sub Suite","Test Class","Test Method","Name","Description"
"passed","Sat Aug 14 01:00:02 GMT 2021","Sat Aug 14 01:00:02 GMT 2021","122","","Activities","","","","Create an activity",""
"passed","Sat Aug 14 01:00:13 GMT 2021","Sat Aug 14 01:00:16 GMT 2021","2667","","Login","","","","Must login without sucess and with an incorrect password",""
"passed","Sat Aug 14 01:00:02 GMT 2021","Sat Aug 14 01:00:02 GMT 2021","163","","Activities","","","","Delete an activity",""
"passed","Sat Aug 14 01:00:02 GMT 2021","Sat Aug 14 01:00:03 GMT 2021","150","","Activities","","","","Edit an activity",""
"passed","Sat Aug 14 01:00:06 GMT 2021","Sat Aug 14 01:00:10 GMT 2021","4223","","Login","","","","Must login successfully",""
"passed","Sat Aug 14 01:00:02 GMT 2021","Sat Aug 14 01:00:02 GMT 2021","165","","Activities","","","","Search for an specific activity",""
"passed","Sat Aug 14 01:00:01 GMT 2021","Sat Aug 14 01:00:02 GMT 2021","461","","Activities","","","","Search for all activities",""
"passed","Sat Aug 14 01:00:10 GMT 2021","Sat Aug 14 01:00:13 GMT 2021","3105","","Login","","","","Must login without success and with an incorrect email",""
